11212101
11212102
11212103
11212106
11212109
11212111
11212112
11212113
11212114
11212116
11212117
11212118
11212119
11212120
11222101
11222102
11222106
11222108
11222109
11222111
11222113
11222114
11222115
11222116
11222117
11222118
11222119
11222120
11232101
11232102
11232103
11232106
11232108
11232109
11232111
11232112
11232113
11232114
11232115
11232117
11232118
11232120
11242101
11242102
11242103
11242108
11242111
11242112
11242113
11242114
11242115
11242116
11242117
11242118
11242119
11242120
11252101
11252102
11252103
11252106
11252109
11252111
11252112
11252113
11252114
11252115
11252116
11252117
11252118
11252119
11262101
11262102
11262103
11262106
11262108
11262109
11262111
11262112
11262114
11262115
11262116
11262117
11262118
11262119
11282101
11282102
11282103
11282108
11282109
11282111
11282113
11282114
11282115
11282116
11282117
11282118
11282119
11282120
11312101
11312103
11312106
11312108
11312109
11312111
11312112
11312114
11312115
11312116
11312117
11312118
11312119
11312120
11322101
11322102
11322103
11322106
11322108
11322109
11322112
11322113
11322114
11322115
11322116
11322118
11322119
11322120
11342101
11342102
11342103
11342106
11342108
11342109
11342111
11342112
11342113
11342114
11342115
11342116
11342119
11342120
11352101
11352103
11352106
11352108
11352109
11352111
11352112
11352113
11352115
11352116
11352117
11352118
11352119
11352120
11362101
11362102
11362106
11362108
11362109
11362111
11362112
11362113
11362115
11362116
11362117
11362118
11362119
11362120
11372102
11372103
11372106
11372108
11372111
11372112
11372113
11372114
11372115
11372116
11372117
11372118
11372119
11372120
11382101
11382102
11382103
11382106
11382108
11382109
11382112
11382113
11382114
11382116
11382117
11382118
11382119
11382120
11392101
11392102
11392103
11392106
11392108
11392109
11392111
11392112
11392113
11392114
11392115
11392117
11392119
11392120
11402102
11402103
11402106
11402108
11402109
11402111
11402112
11402113
11402114
11402115
11402116
11402117
11402118
11402120
12212201
12212202
12212204
12212205
12212206
12212207
12212208
12212209
12212210
12212211
12212212
12212213
12212214
12212215
12212216
12222201
12222202
12222204
12222205
12222206
12222207
12222208
12222209
12222210
12222211
12222212
12222213
12222214
12222215
12222216
12232201
12232202
12232204
12232205
12232206
12232207
12232208
12232209
12232210
12232211
12232212
12232213
12232214
12232215
12232216
12242201
12242202
12242204
12242205
12242206
12242207
12242208
12242209
12242210
12242211
12242212
12242213
12242214
12242215
12242216
12262201
12262202
12262204
12262205
12262206
12262207
12262208
12262209
12262210
12262211
12262212
12262213
12262214
12262215
12262216
12272201
12272202
12272204
12272205
12272206
12272207
12272208
12272209
12272210
12272211
12272212
12272213
12272214
12272215
12272216
12282201
12282202
12282204
12282205
12282206
12282207
12282208
12282209
12282210
12282211
12282212
12282213
12282214
12282215
12282216
12292201
12292202
12292204
12292205
12292206
12292207
12292208
12292209
12292210
12292211
12292212
12292213
12292214
12292215
12292216
12302201
12302202
12302204
12302205
12302206
12302207
12302208
12302209
12302210
12302211
12302212
12302213
12302214
12302215
12302216
12312201
12312202
12312204
12312205
12312206
12312207
12312208
12312209
12312210
12312211
12312212
12312213
12312214
12312215
12312216
12322201
12322202
12322204
12322205
12322206
12322207
12322208
12322209
12322210
12322211
12322212
12322213
12322214
12322215
12322216
12332201
12332202
12332204
12332205
12332206
12332207
12332208
12332209
12332210
12332211
12332212
12332213
12332214
12332215
12332216
12352201
12352202
12352204
12352205
12352206
12352207
12352208
12352209
12352210
12352211
12352212
12352213
12352214
12352215
12352216
12362201
12362202
12362204
12362205
12362206
12362207
12362208
12362209
12362210
12362211
12362212
12362213
12362214
12362215
12362216
12372201
12372202
12372204
12372205
12372206
12372207
12372208
12372209
12372210
12372211
12372212
12372213
12372214
12372215
12372216
13012320
13012321
13012322
13012323
13012324
13012325
13012326
13012327
13012328
13012329
13012330
13012331
13012335
13012336
13012337
13022320
13022321
13022322
13022323
13022324
13022325
13022326
13022327
13022328
13022329
13022330
13022331
13022335
13022336
13022337
13032320
13032321
13032322
13032323
13032324
13032325
13032326
13032327
13032328
13032329
13032330
13032331
13032335
13032336
13032337
13042320
13042321
13042322
13042323
13042324
13042325
13042326
13042327
13042328
13042329
13042330
13042331
13042335
13042336
13042337
13052320
13052321
13052322
13052323
13052324
13052325
13052326
13052327
13052328
13052329
13052330
13052331
13052335
13052336
13052337
13062320
13062321
13062322
13062323
13062324
13062325
13062326
13062327
13062328
13062329
13062330
13062331
13062335
13062336
13062337
13072320
13072321
13072322
13072323
13072324
13072325
13072326
13072327
13072328
13072329
13072330
13072331
13072335
13072336
13072337
13082320
13082321
13082322
13082323
13082324
13082325
13082326
13082327
13082328
13082329
13082330
13082331
13082335
13082336
13082337
13092320
13092321
13092322
13092323
13092324
13092325
13092326
13092327
13092328
13092329
13092330
13092331
13092335
13092336
13092337
13102320
13102321
13102322
13102323
13102324
13102325
13102326
13102327
13102328
13102329
13102330
13102331
13102335
13102336
13102337
13112320
13112321
13112322
13112323
13112324
13112325
13112326
13112327
13112328
13112329
13112330
13112331
13112335
13112336
13112337
13122320
13122321
13122322
13122323
13122324
13122325
13122326
13122327
13122328
13122329
13122330
13122331
13122335
13122336
13122337
13132320
13132321
13132322
13132323
13132324
13132325
13132326
13132327
13132328
13132329
13132330
13132331
13132335
13132336
13132337
13142320
13142321
13142322
13142323
13142324
13142325
13142326
13142327
13142328
13142329
13142330
13142331
13142335
13142336
13142337
13152320
13152321
13152322
13152323
13152324
13152325
13152326
13152327
13152328
13152329
13152330
13152331
13152335
13152336
13152337
11212101
11222101
11232101
11242101
11252101
11262101
11282101
11312101
11322101
11342101
11352101
11362101
11382101
11392101
11212102
11222102
11232102
11242102
11252102
11262102
11282102
11322102
11342102
11362102
11372102
11382102
11392102
11402102
11212103
11232103
11242103
11252103
11262103
11282103
11312103
11322103
11342103
11352103
11372103
11382103
11392103
11402103
11212106
11222106
11232106
11252106
11262106
11312106
11322106
11342106
11352106
11362106
11372106
11382106
11392106
11402106
11222108
11232108
11242108
11262108
11282108
11312108
11322108
11342108
11352108
11362108
11372108
11382108
11392108
11402108
11212109
11222109
11232109
11252109
11262109
11282109
11312109
11322109
11342109
11352109
11362109
11382109
11392109
11402109
11212111
11222111
11232111
11242111
11252111
11262111
11282111
11312111
11342111
11352111
11362111
11372111
11392111
11402111
11212112
11232112
11242112
11252112
11262112
11312112
11322112
11342112
11352112
11362112
11372112
11382112
11392112
11402112
11212113
11222113
11232113
11242113
11252113
11282113
11322113
11342113
11352113
11362113
11372113
11382113
11392113
11402113
11212114
11222114
11232114
11242114
11252114
11262114
11282114
11312114
11322114
11342114
11372114
11382114
11392114
11402114
11222115
11232115
11242115
11252115
11262115
11282115
11312115
11322115
11342115
11352115
11362115
11372115
11392115
11402115
11212116
11222116
11242116
11252116
11262116
11282116
11312116
11322116
11342116
11352116
11362116
11372116
11382116
11402116
11212117
11222117
11232117
11242117
11252117
11262117
11282117
11312117
11352117
11362117
11372117
11382117
11392117
11402117
11212118
11222118
11232118
11242118
11252118
11262118
11282118
11312118
11322118
11352118
11362118
11372118
11382118
11402118
11212119
11222119
11242119
11252119
11262119
11282119
11312119
11322119
11342119
11352119
11362119
11372119
11382119
11392119
11212120
11222120
11232120
11242120
11282120
11312120
11322120
11342120
11352120
11362120
11372120
11382120
11392120
11402120
12212201
12222201
12232201
12242201
12262201
12272201
12282201
12292201
12302201
12312201
12322201
12332201
12352201
12362201
12372201
12212202
12222202
12232202
12242202
12262202
12272202
12282202
12292202
12302202
12312202
12322202
12332202
12352202
12362202
12372202
12212204
12222204
12232204
12242204
12262204
12272204
12282204
12292204
12302204
12312204
12322204
12332204
12352204
12362204
12372204
12212205
12222205
12232205
12242205
12262205
12272205
12282205
12292205
12302205
12312205
12322205
12332205
12352205
12362205
12372205
12212206
12222206
12232206
12242206
12262206
12272206
12282206
12292206
12302206
12312206
12322206
12332206
12352206
12362206
12372206
12212207
12222207
12232207
12242207
12262207
12272207
12282207
12292207
12302207
12312207
12322207
12332207
12352207
12362207
12372207
12212208
12222208
12232208
12242208
12262208
12272208
12282208
12292208
12302208
12312208
12322208
12332208
12352208
12362208
12372208
12212209
12222209
12232209
12242209
12262209
12272209
12282209
12292209
12302209
12312209
12322209
12332209
12352209
12362209
12372209
12212210
12222210
12232210
12242210
12262210
12272210
12282210
12292210
12302210
12312210
12322210
12332210
12352210
12362210
12372210
12212211
12222211
12232211
12242211
12262211
12272211
12282211
12292211
12302211
12312211
12322211
12332211
12352211
12362211
12372211
12212212
12222212
12232212
12242212
12262212
12272212
12282212
12292212
12302212
12312212
12322212
12332212
12352212
12362212
12372212
12212213
12222213
12232213
12242213
12262213
12272213
12282213
12292213
12302213
12312213
12322213
12332213
12352213
12362213
12372213
12212214
12222214
12232214
12242214
12262214
12272214
12282214
12292214
12302214
12312214
12322214
12332214
12352214
12362214
12372214
12212215
12222215
12232215
12242215
12262215
12272215
12282215
12292215
12302215
12312215
12322215
12332215
12352215
12362215
12372215
12212216
12222216
12232216
12242216
12262216
12272216
12282216
12292216
12302216
12312216
12322216
12332216
12352216
12362216
12372216
13012320
13022320
13032320
13042320
13052320
13062320
13072320
13082320
13092320
13102320
13112320
13122320
13132320
13142320
13152320
13012321
13022321
13032321
13042321
13052321
13062321
13072321
13082321
13092321
13102321
13112321
13122321
13132321
13142321
13152321
13012322
13022322
13032322
13042322
13052322
13062322
13072322
13082322
13092322
13102322
13112322
13122322
13132322
13142322
13152322
13012323
13022323
13032323
13042323
13052323
13062323
13072323
13082323
13092323
13102323
13112323
13122323
13132323
13142323
13152323
13012324
13022324
13032324
13042324
13052324
13062324
13072324
13082324
13092324
13102324
13112324
13122324
13132324
13142324
13152324
13012325
13022325
13032325
13042325
13052325
13062325
13072325
13082325
13092325
13102325
13112325
13122325
13132325
13142325
13152325
13012326
13022326
13032326
13042326
13052326
13062326
13072326
13082326
13092326
13102326
13112326
13122326
13132326
13142326
13152326
13012327
13022327
13032327
13042327
13052327
13062327
13072327
13082327
13092327
13102327
13112327
13122327
13132327
13142327
13152327
13012328
13022328
13032328
13042328
13052328
13062328
13072328
13082328
13092328
13102328
13112328
13122328
13132328
13142328
13152328
13012329
13022329
13032329
13042329
13052329
13062329
13072329
13082329
13092329
13102329
13112329
13122329
13132329
13142329
13152329
13012330
13022330
13032330
13042330
13052330
13062330
13072330
13082330
13092330
13102330
13112330
13122330
13132330
13142330
13152330
13012331
13022331
13032331
13042331
13052331
13062331
13072331
13082331
13092331
13102331
13112331
13122331
13132331
13142331
13152331
13012335
13022335
13032335
13042335
13052335
13062335
13072335
13082335
13092335
13102335
13112335
13122335
13132335
13142335
13152335
13012336
13022336
13032336
13042336
13052336
13062336
13072336
13082336
13092336
13102336
13112336
13122336
13132336
13142336
13152336
13012337
13022337
13032337
13042337
13052337
13062337
13072337
13082337
13092337
13102337
13112337
13122337
13132337
13142337
13152337